#time0row7[msb-lsb],time0row6[msb-lst],....,time0row0[msb-lst]#
#time1row7[msb-lsb],time1row6[msb-lst],....,time1row0[msb-lst]#
#................#
11000111111000000000000001011000
10000111101010011011000101111001
01111010100101011110001100000011
00111111000010010010111101001010
11000010111010101001110110010000
00010011000101010001111011001111
11001010110101000110101001111101
00010000110100100010011001110100
01101010010000101100101000101010
01101001101111010000100010100010
11011001001011000100001110000001
01111001100101010110000100101000
11010001010111011010110100110111
10111101100100001100111100100001
11010001001110011001111001011111
01011111011011011010110001111101
11100101001111011111110001110101
10011000111011011001010110001101
01111101011101011111101101110101
01111100011000011010011101111010
01111110011111111011001011011001
10000000110010010110000100100011
11110011011010011010001100001100
11010011011011111011001100001001
11110000001100001001111101011101
00100011010001100110001100101010
11010111111111110010100000100100
10101101011101001010010110010001
00111110001111011100001000010000
11111000110101010000100111010111
11010010111011000001011110001100
11010110100100111000010011001111
10100101111111110100110111101010
01101110001111100101101011010011
11111100101101001110011011110001
00000100101100111100100001010011
10111110011001100000100010110010
01110000001110111110000101111111
11000111010100010110000111000000
10101010111001010001011111001101
11001100100011111000101110101001
01001110011101001011100001101010
01101111110110101101001010011101
10110110101101100110100001111011
01001001100101001110010110011100
01111011001111000010111110010010
01100110101000101100001100100101
10000001001000010010010001001000
01111001100100000111011101111110
00001000011111010101110100001111
10100000001110100011101000010111
01000011010001010000011011010100
00110000011100110111000010101111
00101010010011000111011000111000
01010000000001111101011101101011
01100100010101110101111101111110
10001101010101101111001001110111
10000111010110010100011001010110
01011001000011000011011101011001
10101101001011110001101110001110
01000100011100011001000011000001
01011010111010001101100000110100
10011010011110111100011101100010
01110000100101101000101000001001
01001010100111011001111011010010
10011011101100011001110000111100
11111111000001100000010011111110
10000001111000111011001000010010
01000110010011011100000001100000
10010110100101011100000001000010
01110001000110000010111101010101
01000111110110110101110011010100
